Cost of the solution: 438
3114
3114
3223
3433
0430

3114
3114
3223
3433
4030

3114
3114
3223
3033
4430

3114
3114
3220
3033
4433

3114
3114
3220
3433
4033

3114
3114
3220
3433
0433

3114
3110
3224
3433
0433

3114
3110
3224
3433
4033

3114
3110
3224
3033
4433

3110
3114
3224
3033
4433

3110
3114
3224
3433
4033

3110
3114
3224
3433
0433

3110
3114
0224
3433
3433

3114
3110
0224
3433
3433

3114
3114
0220
3433
3433

3114
3114
0223
3433
3430

0114
3114
3223
3433
3430

0114
3114
3220
3433
3433

0114
3114
3022
3433
3433

0114
3114
3422
3033
3433

0114
3114
3422
3433
3033

3114
3114
0422
3433
3033

3114
3114
0422
3033
3433

3114
3114
4022
3033
3433

3114
3114
4022
3433
3033

3114
3114
4422
3033
3033

3114
3114
4422
0333
0333

3114
3114
0422
4333
0333

3114
3114
0422
0333
4333

3114
3114
4022
0333
4333

3114
3114
4022
4333
0333

3114
3114
4322
4333
0033

3114
3114
4322
0333
4033

3114
3114
4322
0333
0433

3114
3114
0322
4333
0433

3114
3114
0322
4333
4033

3114
3114
0022
4333
4333

0114
3114
3022
4333
4333

0114
3114
3322
4333
4033

0114
3114
3322
4333
0433

0114
3114
3322
0333
4433

0114
0114
3322
3333
4433

1104
1104
3322
3333
4433

1104
1140
3322
3333
4433

1144
1100
3322
3333
4433

1144
1122
3300
3333
4433

1144
1122
3303
3333
4430

1144
1122
3333
3333
4400

1144
1122
3333
3333
4040

1144
1122
3333
3333
4004

1144
1122
3333
3333
0404

1144
1122
3333
3333
0440

1144
1122
3330
3333
0443

1144
1122
3330
3333
4043

1144
1122
3030
3333
4343

1144
1122
3033
3333
4340

1144
1122
3033
3333
4304

1144
1122
3003
3333
4334

1144
1122
3303
3333
4034

1144
1122
3303
3333
0434

1144
1122
0303
3333
3434

1144
1122
0333
3333
3404

1144
1122
0333
3333
3044

1144
1122
3333
3333
0044

1144
1122
3033
3333
0344

1144
1122
0033
3333
3344

0044
1122
1133
3333
3344

0404
1122
1133
3333
3344

0440
1122
1133
3333
3344

4040
1122
1133
3333
3344

4400
1122
1133
3333
3344

4422
1100
1133
3333
3344

4422
1103
1133
3330
3344

4422
1103
1133
3334
3340

4422
1103
1133
3334
3304

4422
1103
1103
3334
3334

4422
1130
1130
3334
3334

4422
1130
1134
3330
3334

4422
1130
1134
3334
3330

4422
1134
1130
3334
3330

4422
1134
1134
3330
3330

4422
1134
1134
3303
3303

4422
1104
1134
3333
3303

4422
1140
1134
3333
3303

4422
1144
1130
3333
3303

4422
1144
1133
3333
3300

4422
1144
1103
3333
3330

4422
1104
1143
3333
3330

4422
1140
1143
3333
3330

4422
1140
1140
3333
3333

4422
1140
1104
3333
3333

4422
1144
1100
3333
3333

4422
1104
1140
3333
3333

4422
1104
1104
3333
3333

4422
0114
0114
3333
3333

0422
4114
0114
3333
3333

0422
0114
4114
3333
3333

4022
0114
4114
3333
3333

4022
4114
0114
3333
3333

4022
4114
3114
3333
0333

0422
4114
3114
3333
0333

4422
0114
3114
3333
0333

4422
3114
3114
0333
0333

4422
3114
3114
3033
3033

4422
3114
3114
3303
3303

4422
3114
3114
3330
3330

4422
3114
3110
3334
3330

4422
3114
3110
3330
3334

4422
3110
3114
3330
3334

4422
3110
3110
3334
3334

4422
3011
3011
3334
3334

4022
3411
3011
3334
3334

4022
3011
3411
3334
3334

0422
3011
3411
3334
3334

0422
3411
3011
3334
3334

0422
3411
3311
3334
3034

4022
3411
3311
3334
3034

4422
3011
3311
3334
3034

4422
3311
3311
3034
3034

4422
3311
3311
3304
3304

4422
3311
3311
3304
3340

4422
3311
3311
3344
3300

4422
3311
3311
3340
3304

4422
3311
3311
3300
3344

4422
3300
3311
3311
3344

4400
3322
3311
3311
3344

4040
3322
3311
3311
3344

4004
3322
3311
3311
3344

0404
3322
3311
3311
3344

0440
3322
3311
3311
3344

3440
3322
0311
3311
3344

3404
3322
0311
3311
3344

3044
3322
0311
3311
3344

3044
3322
3311
3311
0344

3344
3322
3011
3311
0344

3344
3322
3311
3311
0044

3344
3322
3311
3311
0404

3344
3322
3311
3311
0440

3344
3322
3311
3311
4040

3344
3322
3311
3311
4400

3344
3322
3300
3311
4411

3344
3300
3322
3311
4411

3340
3304
3322
3311
4411

3340
3340
3322
3311
4411

3304
3340
3322
3311
4411

3304
3304
3322
3311
4411

3034
3034
3322
3311
4411

3034
3334
3322
3011
4411

3034
3334
3322
3411
4011

3034
3334
3322
3411
0411

3034
3334
0322
3411
3411

3334
3334
0022
3411
3411

3334
3334
0422
3011
3411

3334
3334
0422
3411
3011

3334
3334
4022
3411
3011

3334
3334
4022
3011
3411

3034
3334
4322
3011
3411

3034
3034
4322
3311
3411

0334
0334
4322
3311
3411

0334
4334
0322
3311
3411

4334
0334
0322
3311
3411

4334
0334
3322
3311
0411

4334
0334
3322
3311
4011

0334
4334
3322
3311
4011

0334
4334
3022
3311
4311

4334
0334
3022
3311
4311

4334
3334
3022
0311
4311

4334
3334
3022
4311
0311

4034
3334
3322
4311
0311

4034
3334
3322
0311
4311

0434
3334
3322
0311
4311

0434
3334
3322
4311
0311

3434
3334
0322
4311
0311

3434
3334
4322
0311
0311

3434
3334
4322
3011
3011

3434
3034
4322
3311
3011

3034
3434
4322
3311
3011

3034
3434
4022
3311
3311

3034
3434
0422
3311
3311

3434
3034
0422
3311
3311

3434
3434
0022
3311
3311

3434
3434
0322
3311
3011

3434
3434
3322
3311
0011

3434
3434
3022
3311
0311

3434
3434
3220
3311
0311

3434
3430
3224
3311
0311

3430
3434
3224
3311
0311

3430
3434
0224
3311
3311

3434
3430
0224
3311
3311

3434
3434
0220
3311
3311

0434
3434
3220
3311
3311

0434
3430
3224
3311
3311

0430
3434
3224
3311
3311

4030
3434
3224
3311
3311

4034
3430
3224
3311
3311

4034
3434
3220
3311
3311

4434
3034
3220
3311
3311

4434
3034
3022
3311
3311

4034
3434
3022
3311
3311

4034
3034
3422
3311
3311

0434
3034
3422
3311
3311

0434
3434
3022
3311
3311

0434
3434
3322
3311
3011

4034
3434
3322
3311
3011

4434
3034
3322
3311
3011

4434
3334
3322
3011
3011

4434
3334
3322
0311
0311

4434
0334
3322
3311
0311

0434
4334
3322
3311
0311

4034
4334
3322
3311
0311

4034
4334
0322
3311
3311

4034
0334
4322
3311
3311

0034
4334
4322
3311
3311

0334
4334
4022
3311
3311

0334
4334
0422
3311
3311

0334
0334
4422
3311
3311

3034
3034
4422
3311
3311

3304
3304
4422
3311
3311

3304
3340
4422
3311
3311

3344
3300
4422
3311
3311

3344
3322
4400
3311
3311

3344
3322
4040
3311
3311

3344
3322
4004
3311
3311

3344
3322
0404
3311
3311

3344
3322
0440
3311
3311

3344
3322
3440
3311
0311

3344
3322
3404
3311
0311

3344
3322
3044
3311
0311

3344
3322
3344
3311
0011

3344
3322
0344
3311
3011

3344
3322
0044
3311
3311

3044
3322
0344
3311
3311

3404
3322
0344
3311
3311

3440
3322
0344
3311
3311

0440
3322
3344
3311
3311

0404
3322
3344
3311
3311

4004
3322
3344
3311
3311

4040
3322
3344
3311
3311

4400
3322
3344
3311
3311

4422
3300
3344
3311
3311

4422
3304
3340
3311
3311

4422
3304
3304
3311
3311

4422
3034
3034
3311
3311

4022
3434
3034
3311
3311

4022
3034
3434
3311
3311

0422
3034
3434
3311
3311

0422
3434
3034
3311
3311

0422
3434
3334
3311
3011

4022
3434
3334
3311
3011

4422
3034
3334
3311
3011

4422
3334
3334
3011
3011

4422
3334
3334
0311
0311

4422
0334
3334
3311
0311

0422
4334
3334
3311
0311

4022
4334
3334
3311
0311

4022
4334
0334
3311
3311

4022
0334
4334
3311
3311

0022
4334
4334
3311
3311

0322
4334
4034
3311
3311

0322
4334
0434
3311
3311

0322
0334
4434
3311
3311

3022
3034
4434
3311
3311

3022
3434
4034
3311
3311

3022
3434
0434
3311
3311

3422
3034
0434
3311
3311

3422
3034
4034
3311
3311

3422
3034
4334
3311
3011

3022
3434
4334
3311
3011

3220
3434
4334
3311
3011

3224
3430
4334
3311
3011

3224
3434
4330
3311
3011

3224
3434
4030
3311
3311

3224
3434
0430
3311
3311

3224
3430
0434
3311
3311

3224
3430
4034
3311
3311

3224
3030
4434
3311
3311

3220
3034
4434
3311
3311

3220
3434
4034
3311
3311

3220
3434
0434
3311
3311

0220
3434
3434
3311
3311

0224
3430
3434
3311
3311

0224
3434
3430
3311
3311

2204
3434
3430
3311
3311

2204
3430
3434
3311
3311

2240
3430
3434
3311
3311

2240
3434
3430
3311
3311

2244
3430
3430
3311
3311

2244
3403
3403
3311
3311

2244
3403
3043
3311
3311

2244
3443
3003
3311
3311

2244
3043
3403
3311
3311

2244
3043
3043
3311
3311

2244
3043
3343
3311
3011

2244
3403
3343
3311
3011

2204
3443
3343
3311
3011

2240
3443
3343
3311
3011

2240
3443
3043
3311
3311

2240
3443
3403
3311
3311

2240
3403
3443
3311
3311

2240
3043
3443
3311
3311

2204
3043
3443
3311
3311

2204
3443
3043
3311
3311

2204
3443
3403
3311
3311

2204
3403
3443
3311
3311

0224
3403
3443
3311
3311

0224
3443
3403
3311
3311

0224
3443
3043
3311
3311

0224
3043
3443
3311
3311

3224
3043
0443
3311
3311

3224
3043
4043
3311
3311

3224
3043
4403
3311
3311

3224
3443
4003
3311
3311

3224
3443
0403
3311
3311

3224
3443
0043
3311
3311

3224
3443
0343
3311
3011

3224
3443
3343
3311
0011

3224
3443
3043
3311
0311

3224
3443
3403
3311
0311

3224
3403
3443
3311
0311

3224
3403
0443
3311
3311

3224
3403
4043
3311
3311

3224
3403
4403
3311
3311

3224
3430
4430
3311
3311

3220
3434
4430
3311
3311

3220
3430
4434
3311
3311

3022
3430
4434
3311
3311

3022
3434
4430
3311
3311

3422
3034
4430
3311
3311

3422
3434
4030
3311
3311

3422
3434
0430
3311
3311

3422
3430
0434
3311
3311

0422
3430
3434
3311
3311

0422
3434
3430
3311
3311

4022
3434
3430
3311
3311

4022
3430
3434
3311
3311

4220
3430
3434
3311
3311

4220
3434
3430
3311
3311

4224
3430
3430
3311
3311

4224
3403
3403
3311
3311

4224
3403
3043
3311
3311

4224
3443
3003
3311
3311

4224
3043
3403
3311
3311

4224
3043
3043
3311
3311

4224
3043
3343
3311
3011

4224
3343
3343
3011
3011

4224
3343
3343
0311
0311

4224
0343
3343
3311
0311

0224
4343
3343
3311
0311

0224
4343
0343
3311
3311

0224
0343
4343
3311
3311

2204
0343
4343
3311
3311

2204
4343
0343
3311
3311

2244
4303
0343
3311
3311

2244
4343
0303
3311
3311

2244
4343
3303
3311
0311

2244
4303
3343
3311
0311

2204
4343
3343
3311
0311

2240
4343
3343
3311
0311

2240
4343
0343
3311
3311

2240
0343
4343
3311
3311

2243
0343
4340
3311
3311

2243
0343
4304
3311
3311

2243
4343
0304
3311
3311

2243
4343
0340
3311
3311

2243
4343
3340
3311
0311

2243
4343
3304
3311
0311

2243
4303
3344
3311
0311

2203
4343
3344
3311
0311

2203
4343
0344
3311
3311

2243
4303
0344
3311
3311

2243
0303
4344
3311
3311

2203
0343
4344
3311
3311

0223
0343
4344
3311
3311

0223
4343
0344
3311
3311

4223
0343
0344
3311
3311

4223
0343
3344
3311
0311

4223
3343
3344
0311
0311

4223
3343
3344
3011
3011

4223
3043
3344
3311
3011

4223
3403
3344
3311
3011

4223
3443
3304
3311
3011

4223
3443
3340
3311
3011

4223
3443
3040
3311
3311

4223
3443
3004
3311
3311

4223
3403
3044
3311
3311

4223
3403
3404
3311
3311

4223
3403
3440
3311
3311

4223
3443
3400
3311
3311

4220
3443
3403
3311
3311

4220
3443
3043
3311
3311

4220
3043
3443
3311
3311

4220
3403
3443
3311
3311

4022
3403
3443
3311
3311

4022
3443
3403
3311
3311

4022
3443
3043
3311
3311

4022
3043
3443
3311
3311

0422
3043
3443
3311
3311

0422
3443
3043
3311
3311

0422
3443
3403
3311
3311

0422
3403
3443
3311
3311

3422
3403
0443
3311
3311

3422
3443
0403
3311
3311

3422
3443
0043
3311
3311

3422
3043
0443
3311
3311

3422
3043
4043
3311
3311

3422
3043
4403
3311
3311

3422
3443
4003
3311
3311

3422
3403
4043
3311
3311

3422
3003
4443
3311
3311

3022
3403
4443
3311
3311

3022
3443
4403
3311
3311

3022
3443
4043
3311
3311

3022
3443
0443
3311
3311

3022
3443
3443
3311
0311

3422
3043
3443
3311
0311

3422
3443
3043
3311
0311

3422
3443
3343
3311
0011

3422
3443
0343
3311
3011

0422
3443
3343
3311
3011

4022
3443
3343
3311
3011

4422
3043
3343
3311
3011

4422
3403
3343
3311
3011

4422
3443
3303
3311
3011

4422
3443
3003
3311
3311

4422
3403
3043
3311
3311

4422
3403
3403
3311
3311

4422
3043
3403
3311
3311

4422
3043
3043
3311
3311

4422
0343
0343
3311
3311

0422
4343
0343
3311
3311

0422
0343
4343
3311
3311

4022
0343
4343
3311
3311

4022
4343
0343
3311
3311

4022
4343
3343
3311
0311

0422
4343
3343
3311
0311

4422
0343
3343
3311
0311

4422
3343
3343
0311
0311

4422
3343
3343
3011
3011

4422
3343
3343
3110
3110

