Cost of the solution: 620
4114
4114
0220
3333
3333

4114
4110
0224
3333
3333

4114
0110
4224
3333
3333

4114
0114
4220
3333
3333

0114
4114
4220
3333
3333

0114
4110
4224
3333
3333

0110
4114
4224
3333
3333

4110
0114
4224
3333
3333

4110
4114
0224
3333
3333

4110
4114
3224
3333
0333

4114
4110
3224
3333
0333

4114
4114
3220
3333
0333

4114
4114
3223
3333
0330

4114
4114
0223
3333
3330

4114
4114
2203
3333
3330

4114
4114
2233
3333
3300

4114
4114
2230
3333
3303

4114
4110
2234
3333
3303

4110
4114
2234
3333
3303

4110
4114
2204
3333
3333

4110
4114
2240
3333
3333

4110
4110
2244
3333
3333

4011
4011
2244
3333
3333

4011
0411
2244
3333
3333

4411
0011
2244
3333
3333

4411
2211
0044
3333
3333

4411
2211
0404
3333
3333

4411
2211
0440
3333
3333

4411
2211
4040
3333
3333

4411
2211
4004
3333
3333

4411
2211
4034
3333
3303

4411
2211
0434
3333
3303

4411
2211
3434
3333
0303

4411
2211
3404
3333
0333

4411
2211
3440
3333
0333

4411
2211
3443
3333
0330

4411
2211
0443
3333
3330

4411
2211
4043
3333
3330

4411
2211
4403
3333
3330

4411
2211
4433
3333
3300

4411
2211
4430
3333
3303

4411
2211
4400
3333
3333

4400
2211
4411
3333
3333

4040
2211
4411
3333
3333

4004
2211
4411
3333
3333

0404
2211
4411
3333
3333

0044
2211
4411
3333
3333

2244
0011
4411
3333
3333

2244
0411
4011
3333
3333

2244
0411
0411
3333
3333

2244
4011
0411
3333
3333

2244
4011
4011
3333
3333

2244
4011
4311
3333
3033

2244
0411
4311
3333
3033

2244
4411
0311
3333
3033

2244
4411
3311
3333
0033

2244
4411
3011
3333
0333

2244
4011
3411
3333
0333

2244
0411
3411
3333
0333

2244
3411
3411
0333
0333

2244
3411
3411
3033
3033

2244
3411
3011
3433
3033

2244
3411
3011
3033
3433

2244
3011
3411
3033
3433

2244
3011
3011
3433
3433

2244
0311
0311
3433
3433

2244
0311
3311
3433
0433

2244
0311
3311
3433
4033

2244
0311
3311
3033
4433

2244
3311
3311
0033
4433

2244
3311
3311
0433
4033

2244
3311
3311
0433
0433

2244
3311
3311
4033
0433

2244
3311
3311
4033
4033

2244
3011
3311
4333
4033

2244
3011
3311
4333
0433

2244
3011
3311
0333
4433

2244
0011
3311
3333
4433

0044
2211
3311
3333
4433

0404
2211
3311
3333
4433

0440
2211
3311
3333
4433

4040
2211
3311
3333
4433

4400
2211
3311
3333
4433

4411
2211
3300
3333
4433

4411
2211
3303
3333
4430

4411
2211
3333
3333
4400

4411
2211
3333
3333
4040

4411
2211
3333
3333
4004

4411
2211
3333
3333
0404

4411
2211
3333
3333
0440

4411
2211
3330
3333
0443

4411
2211
3330
3333
4043

4411
2211
3030
3333
4343

4411
2211
3033
3333
4340

4411
2211
3033
3333
4304

4411
2211
3003
3333
4334

4411
2211
3303
3333
4034

4411
2211
3303
3333
0434

4411
2211
0303
3333
3434

4411
2211
0333
3333
3404

4411
2211
0333
3333
3044

4411
2211
3333
3333
0044

4411
2211
3033
3333
0344

4411
2211
0033
3333
3344

4411
0011
2233
3333
3344

4011
0411
2233
3333
3344

4011
4011
2233
3333
3344

4110
4110
2233
3333
3344

4110
4113
2233
3330
3344

4110
4113
2233
3334
3340

4110
4113
2233
3334
3304

4110
4113
2203
3334
3334

4113
4113
2200
3334
3334

4113
4113
2204
3330
3334

4113
4113
2204
3334
3330

4113
4113
2240
3334
3330

4113
4113
2240
3330
3334

4110
4113
2243
3330
3334

4110
4110
2243
3333
3334

4011
4011
2243
3333
3334

4011
0411
2243
3333
3334

4411
0011
2243
3333
3334

4411
2211
0043
3333
3334

4411
2211
0403
3333
3334

4411
2211
4003
3333
3334

4411
2211
4033
3333
3304

4411
2211
4033
3333
3340

4411
2211
0433
3333
3340

4411
2211
0433
3333
3304

4411
2211
3433
3333
0304

4411
2211
3433
3333
0340

4411
2211
3430
3333
0343

4411
2211
0430
3333
3343

4411
2211
4030
3333
3343

4411
2211
4330
3333
3043

4411
2211
4330
3333
3403

4411
2211
4333
3333
3400

4411
2211
4303
3333
3430

4411
2211
4300
3333
3433

4400
2211
4311
3333
3433

4040
2211
4311
3333
3433

4004
2211
4311
3333
3433

0404
2211
4311
3333
3433

0044
2211
4311
3333
3433

2244
0011
4311
3333
3433

2244
4011
0311
3333
3433

2244
0411
0311
3333
3433

2244
0411
3311
3333
0433

2244
0411
3311
3333
4033

2244
4011
3311
3333
4033

2244
4011
3011
3333
4333

2244
4110
3110
3333
4333

2240
4114
3110
3333
4333

2240
4110
3114
3333
4333

2204
4110
3114
3333
4333

2204
4114
3110
3333
4333

2204
4114
3113
3333
4330

0224
4114
3113
3333
4330

4224
0114
3113
3333
4330

4224
0114
3110
3333
4333

4224
0110
3114
3333
4333

4220
0114
3114
3333
4333

0220
4114
3114
3333
4333

0022
4114
3114
3333
4333

4022
0114
3114
3333
4333

0422
0114
3114
3333
4333

0422
3114
3114
0333
4333

0422
3114
3114
4333
0333

3422
3114
0114
4333
0333

3422
3114
4114
0333
0333

3422
3114
4114
3033
3033

3422
3114
4114
3303
3303

3422
3114
4114
3330
3330

3422
3114
4110
3334
3330

3422
3114
4110
3330
3334

3422
3110
4114
3330
3334

3422
3110
4110
3334
3334

3422
3011
4011
3334
3334

3422
3011
0411
3334
3334

3422
3411
0011
3334
3334

3422
3411
0311
3334
3034

3422
3411
3311
3334
0034

3422
3411
3011
3334
0334

3422
3011
3411
3334
0334

3022
3411
3411
3334
0334

3022
3411
0411
3334
3334

3022
3411
4011
3334
3334

3022
3011
4411
3334
3334

0322
0311
4411
3334
3334

0322
4311
0411
3334
3334

0322
4311
4011
3334
3334

4322
0311
4011
3334
3334

4322
0311
0411
3334
3334

4322
0311
3411
3334
0334

4322
3311
3411
0334
0334

4322
3311
3411
3034
3034

4322
3311
3011
3434
3034

4322
3311
3011
3034
3434

4022
3311
3311
3034
3434

4022
3311
3311
3434
3034

0422
3311
3311
3434
3034

0422
3311
3311
3034
3434

0422
3011
3311
3334
3434

0022
3411
3311
3334
3434

3022
3411
0311
3334
3434

3422
3011
0311
3334
3434

3422
3011
3311
3334
0434

3422
3011
3311
3334
4034

3022
3411
3311
3334
4034

3022
3411
3311
3334
0434

3220
3411
3311
3334
0434

3220
3411
3311
3334
4034

3220
3411
3011
3334
4334

3220
3011
3411
3334
4334

3022
3011
3411
3334
4334

0322
0311
3411
3334
4334

0322
3311
3411
0334
4334

0322
3311
3411
4334
0334

3322
3311
0411
4334
0334

3322
3311
0411
0334
4334

3322
3311
4011
0334
4334

3322
3311
4011
4334
0334

3322
3311
4311
4334
0034

3322
3311
4311
0334
4034

3322
3311
4311
0334
0434

3322
3311
0311
4334
0434

3322
3311
0311
4334
4034

3322
3311
0011
4334
4334

3022
3311
0311
4334
4334

3022
3311
4311
0334
4334

3022
3311
4311
4334
0334

3220
3311
4311
4334
0334

3220
3311
4311
0334
4334

3220
3311
0311
4334
4334

0220
3311
3311
4334
4334

0022
3311
3311
4334
4334

0322
3311
3011
4334
4334

0322
3311
3311
4334
4034

0322
3311
3311
4334
0434

0322
3311
3311
0334
4434

0322
0311
3311
3334
4434

3022
3011
3311
3334
4434

3022
3311
3311
3034
4434

3022
3311
3311
3434
4034

3022
3311
3311
3434
0434

3022
3311
0311
3434
3434

3322
3311
0011
3434
3434

3322
3311
0411
3034
3434

3322
3311
0411
3434
3034

3322
3311
4011
3434
3034

3322
3311
4011
3034
3434

3022
3311
4311
3034
3434

3022
3311
4311
3434
3034

3220
3311
4311
3434
3034

3220
3311
4311
3034
3434

3220
3011
4311
3334
3434

3022
3011
4311
3334
3434

0322
0311
4311
3334
3434

0322
4311
0311
3334
3434

4322
0311
0311
3334
3434

4322
0311
3311
3334
0434

4322
0311
3311
3334
4034

0322
4311
3311
3334
4034

0322
4311
3011
3334
4334

4322
0311
3011
3334
4334

4322
3311
3011
0334
4334

4322
3311
3011
4334
0334

4022
3311
3311
4334
0334

4022
3311
3311
0334
4334

0422
3311
3311
0334
4334

0422
3311
3311
4334
0334

3422
3311
0311
4334
0334

3422
3311
4311
0334
0334

3422
3311
4311
3034
3034

3422
3011
4311
3334
3034

3022
3411
4311
3334
3034

3220
3411
4311
3334
3034

3220
3411
4011
3334
3334

3220
3411
0411
3334
3334

0220
3411
3411
3334
3334

0022
3411
3411
3334
3334

0422
3011
3411
3334
3334

0422
3411
3011
3334
3334

4022
3411
3011
3334
3334

4022
3011
3411
3334
3334

4220
3011
3411
3334
3334

4220
3411
3011
3334
3334

4220
3411
3311
3334
3034

4022
3411
3311
3334
3034

4422
3011
3311
3334
3034

4422
3011
3011
3334
3334

4422
0311
0311
3334
3334

0422
4311
0311
3334
3334

0422
0311
4311
3334
3334

4022
0311
4311
3334
3334

4022
4311
0311
3334
3334

4022
4311
3311
3334
0334

0422
4311
3311
3334
0334

4422
0311
3311
3334
0334

4422
3311
3311
0334
0334

4422
3311
3311
3034
3034

4422
3311
3311
3304
3304

4422
3311
3311
3304
3340

4422
3311
3311
3344
3300

4422
3311
3311
3340
3304

4422
3311
3311
3300
3344

4422
3300
3311
3311
3344

4400
3322
3311
3311
3344

4040
3322
3311
3311
3344

4004
3322
3311
3311
3344

0404
3322
3311
3311
3344

0440
3322
3311
3311
3344

3440
3322
0311
3311
3344

3404
3322
0311
3311
3344

3044
3322
0311
3311
3344

3044
3322
3311
3311
0344

3344
3322
3011
3311
0344

3344
3322
3311
3311
0044

3344
3322
3311
3311
0404

3344
3322
3311
3311
0440

3344
3322
3311
3311
4040

3344
3322
3311
3311
4400

3344
3322
3300
3311
4411

3344
3300
3322
3311
4411

3340
3304
3322
3311
4411

3340
3340
3322
3311
4411

3304
3340
3322
3311
4411

3304
3304
3322
3311
4411

3034
3034
3322
3311
4411

3034
3334
3322
3011
4411

3034
3334
3322
3411
4011

3034
3334
3322
3411
0411

3034
3334
0322
3411
3411

3334
3334
0022
3411
3411

3334
3334
0422
3011
3411

3334
3334
0422
3411
3011

3334
3334
4022
3411
3011

3334
3334
4022
3011
3411

3034
3334
4322
3011
3411

3034
3034
4322
3311
3411

0334
0334
4322
3311
3411

0334
4334
0322
3311
3411

4334
0334
0322
3311
3411

4334
0334
3322
3311
0411

4334
0334
3322
3311
4011

0334
4334
3322
3311
4011

0334
4334
3022
3311
4311

4334
0334
3022
3311
4311

4334
3334
3022
0311
4311

4334
3334
3022
4311
0311

4034
3334
3322
4311
0311

4034
3334
3322
0311
4311

0434
3334
3322
0311
4311

0434
3334
3322
4311
0311

3434
3334
0322
4311
0311

3434
3334
4322
0311
0311

3434
3334
4322
3011
3011

3434
3034
4322
3311
3011

3034
3434
4322
3311
3011

3034
3434
4022
3311
3311

3034
3434
0422
3311
3311

3434
3034
0422
3311
3311

3434
3434
0022
3311
3311

3434
3434
0322
3311
3011

3434
3434
3322
3311
0011

3434
3434
3022
3311
0311

3434
3434
3220
3311
0311

3434
3430
3224
3311
0311

3430
3434
3224
3311
0311

3430
3434
0224
3311
3311

3434
3430
0224
3311
3311

3434
3434
0220
3311
3311

0434
3434
3220
3311
3311

0434
3430
3224
3311
3311

0430
3434
3224
3311
3311

4030
3434
3224
3311
3311

4034
3430
3224
3311
3311

4034
3434
3220
3311
3311

4434
3034
3220
3311
3311

4434
3034
3022
3311
3311

4034
3434
3022
3311
3311

4034
3034
3422
3311
3311

0434
3034
3422
3311
3311

0434
3434
3022
3311
3311

0434
3434
3322
3311
3011

4034
3434
3322
3311
3011

4434
3034
3322
3311
3011

4434
3334
3322
3011
3011

4434
3334
3322
0311
0311

4434
0334
3322
3311
0311

0434
4334
3322
3311
0311

4034
4334
3322
3311
0311

4034
4334
0322
3311
3311

4034
0334
4322
3311
3311

0034
4334
4322
3311
3311

0334
4334
4022
3311
3311

0334
4334
0422
3311
3311

0334
0334
4422
3311
3311

3034
3034
4422
3311
3311

3304
3304
4422
3311
3311

3304
3340
4422
3311
3311

3344
3300
4422
3311
3311

3344
3322
4400
3311
3311

3344
3322
4040
3311
3311

3344
3322
4004
3311
3311

3344
3322
0404
3311
3311

3344
3322
0440
3311
3311

3344
3322
3440
3311
0311

3344
3322
3404
3311
0311

3344
3322
3044
3311
0311

3344
3322
3344
3311
0011

3344
3322
0344
3311
3011

3344
3322
0044
3311
3311

3044
3322
0344
3311
3311

3404
3322
0344
3311
3311

3440
3322
0344
3311
3311

0440
3322
3344
3311
3311

0404
3322
3344
3311
3311

4004
3322
3344
3311
3311

4040
3322
3344
3311
3311

4400
3322
3344
3311
3311

4422
3300
3344
3311
3311

4422
3304
3340
3311
3311

4422
3304
3304
3311
3311

4422
3034
3034
3311
3311

4022
3434
3034
3311
3311

4022
3034
3434
3311
3311

0422
3034
3434
3311
3311

0422
3434
3034
3311
3311

0422
3434
3334
3311
3011

4022
3434
3334
3311
3011

4422
3034
3334
3311
3011

4422
3334
3334
3011
3011

4422
3334
3334
0311
0311

4422
0334
3334
3311
0311

0422
4334
3334
3311
0311

4022
4334
3334
3311
0311

4022
4334
0334
3311
3311

4022
0334
4334
3311
3311

0022
4334
4334
3311
3311

0322
4334
4034
3311
3311

0322
4334
0434
3311
3311

0322
0334
4434
3311
3311

3022
3034
4434
3311
3311

3022
3434
4034
3311
3311

3022
3434
0434
3311
3311

3422
3034
0434
3311
3311

3422
3034
4034
3311
3311

3422
3034
4334
3311
3011

3022
3434
4334
3311
3011

3220
3434
4334
3311
3011

3224
3430
4334
3311
3011

3224
3434
4330
3311
3011

3224
3434
4030
3311
3311

3224
3434
0430
3311
3311

3224
3430
0434
3311
3311

3224
3430
4034
3311
3311

3224
3030
4434
3311
3311

3220
3034
4434
3311
3311

3220
3434
4034
3311
3311

3220
3434
0434
3311
3311

0220
3434
3434
3311
3311

0224
3430
3434
3311
3311

0224
3434
3430
3311
3311

2204
3434
3430
3311
3311

2204
3430
3434
3311
3311

2240
3430
3434
3311
3311

2240
3434
3430
3311
3311

2244
3430
3430
3311
3311

2244
3403
3403
3311
3311

2244
3403
3043
3311
3311

2244
3443
3003
3311
3311

2244
3043
3403
3311
3311

2244
3043
3043
3311
3311

2244
3043
3343
3311
3011

2244
3403
3343
3311
3011

2204
3443
3343
3311
3011

2240
3443
3343
3311
3011

2240
3443
3043
3311
3311

2240
3443
3403
3311
3311

2240
3403
3443
3311
3311

2240
3043
3443
3311
3311

2204
3043
3443
3311
3311

2204
3443
3043
3311
3311

2204
3443
3403
3311
3311

2204
3403
3443
3311
3311

0224
3403
3443
3311
3311

0224
3443
3403
3311
3311

0224
3443
3043
3311
3311

0224
3043
3443
3311
3311

3224
3043
0443
3311
3311

3224
3043
4043
3311
3311

3224
3043
4403
3311
3311

3224
3443
4003
3311
3311

3224
3443
0403
3311
3311

3224
3443
0043
3311
3311

3224
3443
0343
3311
3011

3224
3443
3343
3311
0011

3224
3443
3043
3311
0311

3224
3443
3403
3311
0311

3224
3403
3443
3311
0311

3224
3403
0443
3311
3311

3224
3403
4043
3311
3311

3224
3403
4403
3311
3311

3224
3430
4430
3311
3311

3220
3434
4430
3311
3311

3220
3430
4434
3311
3311

3022
3430
4434
3311
3311

3022
3434
4430
3311
3311

3422
3034
4430
3311
3311

3422
3434
4030
3311
3311

3422
3434
0430
3311
3311

3422
3430
0434
3311
3311

0422
3430
3434
3311
3311

0422
3434
3430
3311
3311

4022
3434
3430
3311
3311

4022
3430
3434
3311
3311

4220
3430
3434
3311
3311

4220
3434
3430
3311
3311

4224
3430
3430
3311
3311

4224
3403
3403
3311
3311

4224
3403
3043
3311
3311

4224
3443
3003
3311
3311

4224
3043
3403
3311
3311

4224
3043
3043
3311
3311

4224
3043
3343
3311
3011

4224
3343
3343
3011
3011

4224
3343
3343
0311
0311

4224
0343
3343
3311
0311

0224
4343
3343
3311
0311

0224
4343
0343
3311
3311

0224
0343
4343
3311
3311

2204
0343
4343
3311
3311

2204
4343
0343
3311
3311

2244
4303
0343
3311
3311

2244
4343
0303
3311
3311

2244
4343
3303
3311
0311

2244
4303
3343
3311
0311

2204
4343
3343
3311
0311

2240
4343
3343
3311
0311

2240
4343
0343
3311
3311

2240
0343
4343
3311
3311

2243
0343
4340
3311
3311

2243
0343
4304
3311
3311

2243
4343
0304
3311
3311

2243
4343
0340
3311
3311

2243
4343
3340
3311
0311

2243
4343
3304
3311
0311

2243
4303
3344
3311
0311

2203
4343
3344
3311
0311

2203
4343
0344
3311
3311

2243
4303
0344
3311
3311

2243
0303
4344
3311
3311

2203
0343
4344
3311
3311

0223
0343
4344
3311
3311

0223
4343
0344
3311
3311

4223
0343
0344
3311
3311

4223
0343
3344
3311
0311

4223
3343
3344
0311
0311

4223
3343
3344
3011
3011

4223
3043
3344
3311
3011

4223
3403
3344
3311
3011

4223
3443
3304
3311
3011

4223
3443
3340
3311
3011

4223
3443
3040
3311
3311

4223
3443
3004
3311
3311

4223
3403
3044
3311
3311

4223
3403
3404
3311
3311

4223
3403
3440
3311
3311

4223
3443
3400
3311
3311

4220
3443
3403
3311
3311

4220
3443
3043
3311
3311

4220
3043
3443
3311
3311

4220
3403
3443
3311
3311

4022
3403
3443
3311
3311

4022
3443
3403
3311
3311

4022
3443
3043
3311
3311

4022
3043
3443
3311
3311

0422
3043
3443
3311
3311

0422
3443
3043
3311
3311

0422
3443
3403
3311
3311

0422
3403
3443
3311
3311

3422
3403
0443
3311
3311

3422
3443
0403
3311
3311

3422
3443
0043
3311
3311

3422
3043
0443
3311
3311

3422
3043
4043
3311
3311

3422
3043
4403
3311
3311

3422
3443
4003
3311
3311

3422
3403
4043
3311
3311

3422
3003
4443
3311
3311

3022
3403
4443
3311
3311

3022
3443
4403
3311
3311

3022
3443
4043
3311
3311

3022
3443
0443
3311
3311

3022
3443
3443
3311
0311

3422
3043
3443
3311
0311

3422
3443
3043
3311
0311

3422
3443
3343
3311
0011

3422
3443
0343
3311
3011

0422
3443
3343
3311
3011

4022
3443
3343
3311
3011

4422
3043
3343
3311
3011

4422
3403
3343
3311
3011

4422
3443
3303
3311
3011

4422
3443
3003
3311
3311

4422
3403
3043
3311
3311

4422
3403
3403
3311
3311

4422
3043
3403
3311
3311

4422
3043
3043
3311
3311

4422
0343
0343
3311
3311

0422
4343
0343
3311
3311

0422
0343
4343
3311
3311

4022
0343
4343
3311
3311

4022
4343
0343
3311
3311

4022
4343
3343
3311
0311

0422
4343
3343
3311
0311

4422
0343
3343
3311
0311

4422
3343
3343
0311
0311

4422
3343
3343
3011
3011

4422
3343
3343
3110
3110

