Cost of the solution: 100
4114
3113
3333
4334
0220

4114
3113
3333
4334
2200

4114
3113
3333
4330
2204

4114
3110
3333
4333
2204

4110
3114
3333
4333
2204

4110
3114
3333
4333
2240

4110
3114
3330
4333
2243

4110
3110
3334
4333
2243

4011
3011
3334
4333
2243

4011
3311
3334
4033
2243

4311
3311
3034
4033
2243

4311
3311
3304
4303
2243

4311
3311
3340
4303
2243

4311
3311
3343
4303
2240

4311
3311
3343
4343
2200

4311
3311
3343
4343
0220

4311
3311
3343
4343
0022

4311
3311
3043
4343
0322

4011
3311
3343
4343
0322

0411
3311
3343
4343
0322

3411
3311
0343
4343
0322

3411
3311
4343
0343
0322

3411
3311
4343
3043
3022

3411
3011
4343
3343
3022

3411
3011
4043
3343
3322

3411
3011
4403
3343
3322

3411
3411
4003
3343
3322

3411
3411
4303
3343
3022

3411
3411
4303
3343
3220

3411
3411
4300
3343
3223

3411
3411
4340
3303
3223

3411
3411
4304
3303
3223

3411
3411
4034
3033
3223

3411
3411
0434
3033
3223

3411
3411
3434
3033
0223

3411
3411
3434
3033
2203

3411
3411
3404
3033
2233

3411
3411
3004
3433
2233

3411
3411
3040
3433
2233

3411
3411
3400
3433
2233

3400
3411
3411
3433
2233

3040
3411
3411
3433
2233

3004
3411
3411
3433
2233

3404
3011
3411
3433
2233

3044
3011
3411
3433
2233

3044
3411
3011
3433
2233

3444
3011
3011
3433
2233

3444
3110
3110
3433
2233

3444
3110
3113
3433
2230

3444
3113
3113
3430
2230

3444
3113
3113
3403
2203

3444
3113
3113
3043
2203

3444
3113
3113
3003
2243

3444
3003
3113
3113
2243

3044
3403
3113
3113
2243

3044
3043
3113
3113
2243

0344
0343
3113
3113
2243

0344
3343
3113
0113
2243

3344
3343
0113
0113
2243

3344
3343
1103
1103
2243

3344
3303
1143
1103
2243

3304
3343
1143
1103
2243

3340
3343
1143
1103
2243

3343
3343
1140
1103
2243

3343
3343
1143
1103
2240

3343
3343
1103
1143
2240

3343
3343
1103
1143
2204

3343
3343
1103
1103
2244

3343
3343
0113
0113
2244

0343
3343
3113
0113
2244

0343
0343
3113
3113
2244

3043
3043
3113
3113
2244

3403
3043
3113
3113
2244

3403
3403
3113
3113
2244

3430
3430
3113
3113
2244

3430
3433
3113
3110
2244

3433
3433
3110
3110
2244

3433
3433
3011
3011
2244

3433
3433
0311
0311
2244

0433
3433
3311
0311
2244

4033
3433
3311
0311
2244

4433
3033
3311
0311
2244

4433
3333
3311
0011
2244

4433
3333
3311
2211
0044

4433
3333
3311
2211
0404

4433
3333
3311
2211
4004

4433
3333
3311
2211
4040

4433
3333
3311
2211
4400

4433
3333
3300
2211
4411

4403
3333
3330
2211
4411

4400
3333
3333
2211
4411

4040
3333
3333
2211
4411

0440
3333
3333
2211
4411

3440
3333
0333
2211
4411

3404
3333
0333
2211
4411

3044
3333
0333
2211
4411

3344
3333
0033
2211
4411

3344
3333
2233
0011
4411

3344
3333
2233
4011
0411

3344
3333
2233
4011
4011

3344
3333
2233
4110
4110

