Cost of the solution: 92
4114
3113
3223
3443
3003

4114
3113
3223
3043
3403

4114
3113
3223
3003
3443

4114
3113
3003
3223
3443

4004
3113
3113
3223
3443

0404
3113
3113
3223
3443

3404
3113
0113
3223
3443

3404
3113
3113
3223
0443

3440
3113
3113
3223
0443

3443
3113
3110
3223
0443

3443
3113
3113
3223
0440

3443
3113
3113
3223
4040

3443
3113
3113
3223
4004

3443
3113
3113
3003
4224

3443
3003
3113
3113
4224

3043
3403
3113
3113
4224

3403
3403
3113
3113
4224

3430
3430
3113
3113
4224

3430
3433
3113
3110
4224

3433
3433
3110
3110
4224

3433
3433
3011
3011
4224

3433
3433
0311
0311
4224

0433
3433
3311
0311
4224

4033
3433
3311
0311
4224

4433
3033
3311
0311
4224

4433
3333
3311
0011
4224

4433
3333
3311
4011
0224

4433
3333
3311
0411
0224

4433
0333
3311
3411
0224

4433
0333
0311
3411
3224

4433
3033
3011
3411
3224

4433
3033
3411
3011
3224

4433
3433
3011
3011
3224

4433
3433
3110
3110
3224

4430
3433
3113
3110
3224

4430
3430
3113
3113
3224

4403
3403
3113
3113
3224

4043
3403
3113
3113
3224

0443
3403
3113
3113
3224

3443
3403
0113
3113
3224

3443
3403
3113
3113
0224

3443
3403
3113
3113
2204

3443
3043
3113
3113
2204

3443
3043
3113
3113
2240

3443
3043
3110
3113
2243

3440
3043
3113
3113
2243

3404
3043
3113
3113
2243

3044
3043
3113
3113
2243

0344
0343
3113
3113
2243

0344
3343
3113
0113
2243

3344
3343
0113
0113
2243

3344
3343
1103
1103
2243

3344
3303
1143
1103
2243

3304
3343
1143
1103
2243

3340
3343
1143
1103
2243

3343
3343
1140
1103
2243

3343
3343
1143
1103
2240

3343
3343
1103
1143
2240

3343
3343
1103
1143
2204

3343
3343
1103
1103
2244

3343
3343
0113
0113
2244

0343
3343
3113
0113
2244

0343
0343
3113
3113
2244

3043
3043
3113
3113
2244

3403
3043
3113
3113
2244

3403
3403
3113
3113
2244

3430
3430
3113
3113
2244

3430
3433
3113
3110
2244

3433
3433
3110
3110
2244

3433
3433
3011
3011
2244

3433
3433
0311
0311
2244

0433
3433
3311
0311
2244

4033
3433
3311
0311
2244

4433
3033
3311
0311
2244

4433
3333
3311
0011
2244

4433
3333
3311
2211
0044

4433
3333
3311
2211
0404

4433
3333
3311
2211
4004

4433
3333
3311
2211
4040

4433
3333
3311
2211
4400

4433
3333
3300
2211
4411

4403
3333
3330
2211
4411

4400
3333
3333
2211
4411

4040
3333
3333
2211
4411

0440
3333
3333
2211
4411

3440
3333
0333
2211
4411

3404
3333
0333
2211
4411

3044
3333
0333
2211
4411

3344
3333
0033
2211
4411

3344
3333
2233
0011
4411

3344
3333
2233
4011
0411

3344
3333
2233
4011
4011

3344
3333
2233
4110
4110

