Cost of the solution: 81
3114
3114
3334
3334
0220

3114
3114
3334
3334
2200

3114
3114
3304
3334
2230

3114
3114
3340
3334
2230

3114
3114
3344
3330
2230

3114
3114
3344
3303
2203

3114
3114
3304
3343
2203

3114
3114
3304
3303
2243

3114
3114
3034
3033
2243

3114
3114
0334
0333
2243

0114
3114
3334
0333
2243

0114
0114
3334
3333
2243

1104
1104
3334
3333
2243

1104
1140
3334
3333
2243

1104
1144
3330
3333
2243

1104
1144
3333
3333
2240

1104
1144
3333
3333
2204

1104
1144
3303
3333
2234

1104
1104
3343
3333
2234

0114
0114
3343
3333
2234

0114
3114
3343
0333
2234

3114
3114
0343
0333
2234

3114
3114
3043
3033
2234

3114
3114
3403
3033
2234

3114
3114
3003
3433
2234

3004
3114
3113
3433
2234

3040
3114
3113
3433
2234

3400
3114
3113
3433
2234

3404
3110
3113
3433
2234

3404
3113
3113
3430
2234

3440
3113
3113
3430
2234

3443
3113
3110
3430
2234

3443
3113
3110
3434
2230

3443
3113
3114
3430
2230

3443
3113
3114
3403
2203

3443
3113
3114
3043
2203

3443
3113
3114
3003
2243

3443
3003
3114
3113
2243

3043
3403
3114
3113
2243

3043
3043
3114
3113
2243

0343
0343
3114
3113
2243

0343
3343
3114
0113
2243

3343
3343
0114
0113
2243

3343
3343
1104
1103
2243

3343
3343
1140
1103
2243

3343
3343
1143
1103
2240

3343
3343
1103
1143
2240

3343
3343
1103
1143
2204

3343
3343
1103
1103
2244

3343
3343
0113
0113
2244

0343
3343
3113
0113
2244

0343
0343
3113
3113
2244

3043
3043
3113
3113
2244

3403
3043
3113
3113
2244

3403
3403
3113
3113
2244

3430
3430
3113
3113
2244

3430
3433
3113
3110
2244

3433
3433
3110
3110
2244

3433
3433
3011
3011
2244

3433
3433
0311
0311
2244

0433
3433
3311
0311
2244

4033
3433
3311
0311
2244

4433
3033
3311
0311
2244

4433
3333
3311
0011
2244

4433
3333
3311
2211
0044

4433
3333
3311
2211
0404

4433
3333
3311
2211
4004

4433
3333
3311
2211
4040

4433
3333
3311
2211
4400

4433
3333
3300
2211
4411

4403
3333
3330
2211
4411

4400
3333
3333
2211
4411

4040
3333
3333
2211
4411

0440
3333
3333
2211
4411

3440
3333
0333
2211
4411

3404
3333
0333
2211
4411

3044
3333
0333
2211
4411

3344
3333
0033
2211
4411

3344
3333
2233
0011
4411

3344
3333
2233
4011
0411

3344
3333
2233
4011
4011

3344
3333
2233
4110
4110

